# Number of parameters = 100  Objective function value = 7.74807  Maximum gradient component = 6.18426
# VM:
 5.45768 0.394784 -0.669683 1.73013 0.740601 -2.09929 -3.66439 -1.38481 -0.904310 3.51577
 0.394784 13.5840 -2.08684 2.28656 3.53532 1.29402 -3.24846 1.91228 5.53851 0.0274154
 -0.669683 -2.08684 9.29205 -2.98967 -2.13374 -0.833924 -3.61167 -6.52077 -1.15597 1.79460
 1.73013 2.28656 -2.98967 5.64853 0.374008 -0.988567 -2.66760 3.09479 4.32705 2.05493
 0.740601 3.53532 -2.13374 0.374008 5.11718 0.246984 -1.80102 0.919626 -1.20827 0.465269
 -2.09929 1.29402 -0.833924 -0.988567 0.246984 10.3591 3.65484 11.5004 6.56248 -0.459218
 -3.66439 -3.24846 -3.61167 -2.66760 -1.80102 3.65484 9.73305 1.94509 0.872416 -3.70550
 -1.38481 1.91228 -6.52077 3.09479 0.919626 11.5004 1.94509 26.7169 10.0307 -0.672156
 -0.904310 5.53851 -1.15597 4.32705 -1.20827 6.56248 0.872416 10.0307 16.3897 2.01397
 3.51577 0.0274154 1.79460 2.05493 0.465269 -0.459218 -3.70550 -0.672156 2.01397 4.14842
