maxerr = 8.9743e-08

    2012.52    1797.86    296.245    395.599    101.656    694.893    1475.25   -73.7304
    1797.86    1807.02    284.817    420.593    108.253    616.719    1308.29   -83.8724
    296.245    284.817    184.393 2.62753e-11 -9.4369e-12    90.9638    216.672   -16.4221
    395.599    420.593 -1.66534e-11    241.359 -1.72085e-11    156.816    266.123    2.80635
    101.656    108.253 8.03061e-11 1.25825e-11    58.5551    10.0476    84.4063   -37.8528
    694.893    616.719    90.9638    156.816    10.0476    337.712    544.804   -6.95774
    1475.25    1308.29    216.672    266.123    84.4063    544.804     1211.2   -150.256
   -73.7304   -83.8724   -16.4221    2.80635   -37.8528   -6.95774   -150.256     179.19

          0 2.94356e-13 -1.71156e-13 -3.27396e-13 -2.87065e-13 -3.53792e-13 -5.8036e-13 4.24875e-12
 -2.94356e-13          0 -6.16099e-13 -5.55266e-13 -1.09397e-12 -5.95698e-13 -7.95976e-13 2.78472e-12
 1.71156e-13 6.16099e-13          0 4.29286e-08 -8.9743e-08 3.45725e-13 -4.51827e-13 -9.85714e-13
 3.27396e-13 5.55266e-13 -4.29286e-08          0 -2.9791e-08 -2.25464e-13 -1.74082e-14 1.53008e-10
 2.87065e-13 1.09397e-12 8.9743e-08 2.9791e-08          0 -6.62948e-13 3.07007e-13 -3.42194e-13
 3.53792e-13 5.95698e-13 -3.45725e-13 2.25464e-13 6.62948e-13          0 -8.23222e-14 3.05681e-11
 5.8036e-13 7.95976e-13 4.51827e-13 1.74082e-14 -3.07007e-13 8.23222e-14          0 -2.4226e-12
 -4.24875e-12 -2.78472e-12 9.85714e-13 -1.53008e-10 3.42194e-13 -3.05681e-11 2.4226e-12          0
