A = 2; B = 4
a = 2.00011; b = 3.98708
