    unsorted:	 93491569.74 7008.337891
      sorted:	 7008.337891 93491569.74
