list(tau=0.05,u=c(0,0,0,0,0,0,0,0,0,0,0,0,0,0,0,0,0,0,0,0,0,0,0,0,0,0,0,0,0,0),b=c(-1,-1,-1,-1,-1))
